Date,Close,High,Low,Open,Volume,Sector
2022-01-10,167.36911010742188,168.24819485904834,166.19697723286845,166.83188502396632,1950936,Automobile and Auto Components
2022-01-11,166.2458038330078,167.95514673503052,165.85510284568898,167.51560439822498,1185761,Automobile and Auto Components
2022-01-12,167.8086395263672,169.4691410980555,166.7341894424167,167.02722263842932,3155760,Automobile and Auto Components
2022-01-13,168.05284118652344,168.9319259216119,166.9295496869233,168.44354220116537,2869085,Automobile and Auto Components
2022-01-14,169.85984802246094,172.25294011990647,167.75980403555062,168.59006230253635,8464891,Automobile and Auto Components
2022-01-17,178.2600555419922,179.77404803567222,171.4226835486007,172.83899333780275,13157000,Automobile and Auto Components
2022-01-18,174.84136962890625,179.23682305533126,174.45066861938372,179.23682305533126,3441015,Automobile and Auto Components
2022-01-19,175.76930236816406,176.79491118740177,173.32738370535466,174.69486709910117,2136419,Automobile and Auto Components
2022-01-20,173.5715789794922,177.08794788469265,172.88784472133904,175.1832542711628,1568836,Automobile and Auto Components
2022-01-21,172.00875854492188,175.32976200275715,170.69011649014936,172.54596873347694,2181416,Automobile and Auto Components
2022-01-24,168.98077392578125,173.37622758281026,166.34350471242163,171.8622350089758,2816377,Automobile and Auto Components
2022-01-25,171.080810546875,171.66687697050955,166.09930556313446,167.41793265987977,1910925,Automobile and Auto Components
2022-01-27,169.6156463623047,172.741313842526,167.75979433717453,169.95752090054364,3367347,Automobile and Auto Components
2022-01-28,171.2761688232422,174.5971720074022,170.20171872609697,170.83661157168154,1915829,Automobile and Auto Components
2022-01-31,169.6156463623047,177.0879256203319,167.66211163930996,174.69484856552077,7301500,Automobile and Auto Components
2022-02-01,170.98313903808594,174.4994927907775,168.2970286458701,169.51798791505914,6892546,Automobile and Auto Components
2022-02-02,170.98313903808594,173.47389892808908,170.44591397878517,173.08318301937584,2443235,Automobile and Auto Components
2022-02-03,169.5179901123047,172.25294189159533,169.078447750557,170.98314125432236,1537584,Automobile and Auto Components
2022-02-04,167.17373657226562,171.2273302739153,166.5876850677429,170.25056286208954,3406622,Automobile and Auto Components
2022-02-07,165.04885864257812,169.15036616346683,164.5547003831692,168.50796645844054,3368057,Automobile and Auto Components
2022-02-08,164.6041259765625,167.27257767071634,163.3193114332991,166.33367995543253,3906146,Automobile and Auto Components
2022-02-09,165.2959442138672,166.0371816318666,164.45586910792898,165.4441856652615,2270689,Automobile and Auto Components
2022-02-10,164.35704040527344,165.79009634415752,163.7640444606598,165.74067750202084,2019215,Automobile and Auto Components
2022-02-11,161.8368377685547,164.65354601535805,161.24384179643377,163.61581060440344,2377545,Automobile and Auto Components
2022-02-14,154.3750457763672,160.00844722964388,153.78206488053044,159.21780603519488,3533761,Automobile and Auto Components
2022-02-15,157.58706665039062,158.0812249121231,152.8925631639319,156.05517302291722,3987927,Automobile and Auto Components
2022-02-16,157.63648986816406,159.810783264036,157.1917504363629,158.575387575414,1690833,Automobile and Auto Components
2022-02-17,156.20343017578125,158.87188178372875,155.75869075454224,158.47656120496373,1243004,Automobile and Auto Components
2022-02-18,154.62213134765625,156.89526257748017,154.27622958083364,155.46220650232425,1432065,Automobile and Auto Components
2022-02-21,152.4478302001953,154.4738821751986,152.200751058866,154.1773841895006,1531378,Automobile and Auto Components
2022-02-22,149.3346405029297,150.52061737673333,144.2942199386215,150.42177968703547,2522328,Automobile and Auto Components
2022-02-23,151.16302490234375,152.29959807034027,150.6688665894361,150.71828543682986,1875620,Automobile and Auto Components
2022-02-24,139.74795532226562,148.19806491248954,138.85847645193212,145.28253408138093,4633642,Automobile and Auto Components
2022-02-25,147.25917053222656,147.65449113232214,142.51524792850836,143.20706651893275,2338779,Automobile and Auto Components
2022-02-28,147.30859375,148.00041236095998,144.8378022247753,146.56735629243258,1821075,Automobile and Auto Components
2022-03-02,146.66616821289062,148.54397868347425,145.33194993484514,147.3085830109246,1947892,Automobile and Auto Components
2022-03-03,146.61676025390625,149.18637413095342,146.07318315744004,149.1369552893632,1795477,Automobile and Auto Components
2022-03-04,143.20706176757812,146.27084909846772,142.86116002409943,146.27084909846772,2448993,Automobile and Auto Components
2022-03-07,139.6491241455078,142.2187379913009,137.6724911500456,142.2187379913009,3048239,Automobile and Auto Components
2022-03-08,143.30589294433594,143.80005119586812,137.87015217748183,138.31489158775818,1964741,Automobile and Auto Components
2022-03-09,146.221435546875,146.91325413938372,143.00940664974976,144.73896067127873,1705458,Automobile and Auto Components
2022-03-10,149.4334716796875,151.95368210633458,148.49457389578387,149.18639252179102,2753399,Automobile and Auto Components
2022-03-11,151.85482788085938,154.52329456007823,150.47119077946047,150.86651135685634,4255136,Automobile and Auto Components
2022-03-14,152.84315490722656,153.18907174660205,150.27354081655994,152.546671994064,1586858,Automobile and Auto Components
2022-03-15,152.20074462890625,154.77037362237886,150.91593013216996,153.18906115247057,2121787,Automobile and Auto Components
2022-03-16,154.473876953125,155.41277464233372,153.5349792639163,154.0785412920542,1643101,Automobile and Auto Components
2022-03-17,154.473876953125,157.04349088777442,153.43614157852025,157.04349088777442,2197416,Automobile and Auto Components
2022-03-21,153.04083251953125,156.6481821003621,152.44783652353854,156.6481821003621,2357568,Automobile and Auto Components
2022-03-22,153.04083251953125,153.68323228142785,151.0147804604899,152.6949156751164,1458193,Automobile and Auto Components
2022-03-23,152.64549255371094,154.62212571097626,152.2007531094291,153.28790737813068,2597898,Automobile and Auto Components
2022-03-24,152.39840698242188,153.8314629449045,151.70658842265578,152.2007466911335,1288337,Automobile and Auto Components
2022-03-25,151.6571807861328,155.11628892108118,151.2124413277424,155.11628892108118,3175129,Automobile and Auto Components
2022-03-28,150.07586669921875,152.5466579515568,148.69221454960163,151.45950376832286,2231228,Automobile and Auto Components
2022-03-29,149.6805419921875,151.75601282807364,149.4334628488922,150.4217794220734,3796038,Automobile and Auto Components
2022-03-30,150.71827697753906,152.20075183305585,150.12528100312673,151.01477496474524,2040777,Automobile and Auto Components
2022-03-31,149.3346405029297,151.75601309538592,149.03814251435023,151.75601309538592,2049867,Automobile and Auto Components
2022-04-01,155.06686401367188,156.1045994296993,149.72996056055095,149.72996056055095,3801333,Automobile and Auto Components
2022-04-04,157.09291076660156,157.6364878788382,155.46219451040523,156.35167336278258,3022655,Automobile and Auto Components
2022-04-05,157.88357543945312,158.9213108762848,157.63649629166056,158.0812357415843,2140968,Automobile and Auto Components
2022-04-06,157.389404296875,158.82246022099508,156.6481669140012,157.33998545524744,1863123,Automobile and Auto Components
2022-04-07,158.47657775878906,160.35437332484003,157.2411819704621,158.03182321057935,2314220,Automobile and Auto Components
2022-04-08,160.15670776367188,160.89794521236473,158.47657256273766,159.5637117725118,2085265,Automobile and Auto Components
2022-04-11,158.97071838378906,160.74967605660473,158.72363925361876,160.15669519250395,1549324,Automobile and Auto Components
2022-04-12,154.5727081298828,158.87189131429497,153.8808895352858,158.87189131429497,2247249,Automobile and Auto Components
2022-04-13,155.1162872314453,155.8081058347963,154.1773894782894,155.6104455310552,1588239,Automobile and Auto Components
2022-04-18,153.1396484375,155.11628156371623,151.65717359283784,155.11628156371623,1526215,Automobile and Auto Components
2022-04-19,150.9159393310547,155.1657036575228,149.48288330063903,153.93030792776548,1451744,Automobile and Auto Components
2022-04-20,152.69491577148438,153.43615322668575,151.0147805557975,152.1019197751174,1761163,Automobile and Auto Components
2022-04-21,154.62213134765625,154.9680481949936,153.18907527250033,153.53499211983768,1531942,Automobile and Auto Components
2022-04-22,154.5727081298828,155.9069415541526,153.38673124192874,153.782066924923,1362397,Automobile and Auto Components
2022-04-25,149.82879638671875,153.63380609081725,149.4334607147837,153.13964781128388,1982241,Automobile and Auto Components
2022-04-26,152.49725341796875,152.99141171479917,150.81711822484823,151.60775943536535,1605289,Automobile and Auto Components
2022-04-27,151.06419372558594,153.38672861629905,149.92762062201163,151.21243517884977,1613361,Automobile and Auto Components
2022-04-28,151.85482788085938,152.20074469646576,151.06418672606765,151.65716759216144,1116564,Automobile and Auto Components
2022-04-29,151.41009521484375,153.38672835101798,151.21243491732915,152.59607208044548,1486323,Automobile and Auto Components
2022-05-02,149.77938842773438,150.96536536870136,148.44515494382463,149.7299695800868,1460717,Automobile and Auto Components
2022-05-04,150.52061462402344,154.57270345879112,149.48287922323047,152.1019120666716,2678850,Automobile and Auto Components
2022-05-05,147.1603240966797,152.7937403366085,145.13428729094787,151.3112655535774,5813442,Automobile and Auto Components
2022-05-06,144.5413055419922,146.27085962540065,142.6140911508686,146.27085962540065,3180288,Automobile and Auto Components
2022-05-09,146.66616821289062,147.90156388544028,141.82342320870137,145.0354519573305,3986943,Automobile and Auto Components
2022-05-10,143.9977264404297,148.19807201483096,143.80006613538433,147.0120951040441,1479316,Automobile and Auto Components
2022-05-11,142.51524353027344,145.5296120246456,139.84679186069508,144.19537864959952,2268665,Automobile and Auto Components
2022-05-12,139.35263061523438,142.41641788791654,137.9195746640173,142.41641788791654,2244896,Automobile and Auto Components
2022-05-13,140.48919677734375,143.94830483104352,140.09387617484094,140.43979301241663,1910199,Automobile and Auto Components
2022-05-16,141.27984619140625,142.26816273010866,140.09386936106608,140.78568792205505,1403248,Automobile and Auto Components
2022-05-17,143.25648498535156,143.70122442941192,140.686870930495,142.61408524176596,1986247,Automobile and Auto Components
2022-05-18,143.05882263183594,144.98603691543664,142.31758520887306,144.19538064817343,1335082,Automobile and Auto Components
2022-05-19,139.99502563476562,141.526919219762,139.15496566142195,140.83510068862222,1771514,Automobile and Auto Components
2022-05-20,142.4164276123047,142.81174821876678,140.9833564827221,140.9833564827221,1500335,Automobile and Auto Components
2022-05-23,141.62576293945312,143.70121862135457,141.1316046703556,143.1082377467457,1583855,Automobile and Auto Components
2022-05-24,139.30322265625,142.2187536290328,138.36432489627109,141.32927471547688,1453667,Automobile and Auto Components
2022-05-25,136.4865264892578,139.84679684773982,136.38768879850244,139.84679684773982,1731999,Automobile and Auto Components
2022-05-26,140.9339599609375,141.57635974958467,133.81806803476607,136.68419536072824,3889470,Automobile and Auto Components
2022-05-27,143.15765380859375,143.35531409629004,140.6374436690545,142.76231815268787,1579598,Automobile and Auto Components
2022-05-30,145.82611083984375,146.36968796169413,143.7012211963403,144.29421716208867,1374867,Automobile and Auto Components
2022-05-31,144.73895263671875,146.76500453700228,144.09655292515947,145.7766880081336,1801425,Automobile and Auto Components
2022-06-01,145.43077087402344,146.4685062431777,144.5412920321846,144.78837116386353,926990,Automobile and Auto Components
2022-06-02,145.57904052734375,145.77670083440609,144.64014275841154,144.88722191236818,626338,Automobile and Auto Components
2022-06-03,145.57904052734375,146.81443629712686,145.03546337253624,146.7650174502326,1232890,Automobile and Auto Components
2022-06-06,144.83778381347656,146.07317941904952,142.86115084455983,146.07317941904952,910292,Automobile and Auto Components
2022-06-07,146.51792907714844,147.4568267870038,143.70122086706857,144.29421683145816,1457374,Automobile and Auto Components
2022-06-08,146.5673370361328,148.74163027656476,143.99770815529604,146.9132387559102,2186311,Automobile and Auto Components
2022-06-09,146.12261962890625,146.9626797152418,145.2825444620557,145.92494423869556,698093,Automobile and Auto Components
2022-06-10,145.08486938476562,146.12260475568505,144.1459716988913,144.78837141014387,1141617,Automobile and Auto Components
2022-06-13,139.4020538330078,143.40473891794056,139.1549746929566,143.3059012297145,1517156,Automobile and Auto Components
2022-06-14,138.6114044189453,141.08219594156466,137.91958580871483,138.36432526668338,1069176,Automobile and Auto Components
2022-06-15,139.55029296875,140.1432889272367,138.36431613229024,139.15497238343465,650646,Automobile and Auto Components
2022-06-16,136.7830047607422,141.4281046194224,136.38768417215883,140.3409503800475,1197543,Automobile and Auto Components
2022-06-17,134.5098876953125,137.62307877727886,133.81805404997448,136.63476223309732,1400057,Automobile and Auto Components
2022-06-20,130.30955505371094,135.9923757353465,128.72824239704977,135.0534628626642,1961598,Automobile and Auto Components
2022-06-21,134.80636596679688,135.30052422192517,130.2107002263089,131.0013564506168,1958388,Automobile and Auto Components
2022-06-22,132.78033447265625,135.20170700310433,132.2367573542666,135.20170700310433,1244161,Automobile and Auto Components
2022-06-23,134.60870361328125,135.05344301996297,132.0390897743908,132.92856858775423,1601047,Automobile and Auto Components
2022-06-24,135.4982147216797,136.43711249518284,134.01573979072265,135.30053933314022,1990508,Automobile and Auto Components
2022-06-27,137.42543029785156,138.3643280794304,135.69587619685868,137.12893229300693,1989026,Automobile and Auto Components
2022-06-28,138.6114044189453,138.85848357120724,135.44879428609548,137.17834835192903,1437947,Automobile and Auto Components
2022-06-29,137.72190856933594,138.75962881683088,136.6347544008492,137.32657292601675,887864,Automobile and Auto Components
2022-06-30,136.1900177001953,139.5997066337307,135.69585944662458,137.72191130236718,1178214,Automobile and Auto Components
2022-07-01,139.74795532226562,140.2915324454756,135.20170820204095,135.8935267768019,854228,Automobile and Auto Components
2022-07-04,141.13160705566406,141.32926735054107,139.3526342407433,140.14329050076518,677338,Automobile and Auto Components
2022-07-05,139.10556030273438,143.10824551582536,138.5619831611146,141.8234309303189,1351442,Automobile and Auto Components
2022-07-06,140.14329528808594,140.68687242795178,138.80906186118924,139.15497869942598,776610,Automobile and Auto Components
2022-07-07,143.05882263183594,143.35532061712388,140.58803122195968,141.13160834823526,1772418,Automobile and Auto Components
2022-07-08,143.4541473388672,144.98604107302148,142.5152495922934,144.49188277687588,938157,Automobile and Auto Components
2022-07-11,149.92762756347656,150.7182838720229,142.1199323328039,142.36701148669246,4301660,Automobile and Auto Components
2022-07-12,149.5323028564453,150.96535889367024,148.29690712081788,149.92762345964033,2035898,Automobile and Auto Components
2022-07-13,148.59339904785156,150.76769243769775,147.80274279322194,149.77937588953912,1110565,Automobile and Auto Components
2022-07-14,147.06150817871094,149.2852204543552,145.6778559366683,148.24748504295175,1426001,Automobile and Auto Components
2022-07-15,147.7039031982422,148.93929886748228,146.36968492377102,147.30858261629078,1093784,Automobile and Auto Components
2022-07-18,147.5556640625,148.74164090745336,147.0120869434132,148.24748263201332,1340864,Automobile and Auto Components
2022-07-19,148.88987731933594,150.22411065007813,147.35799878172273,147.35799878172273,1642861,Automobile and Auto Components
2022-07-20,148.59339904785156,150.22411532010776,147.8521616367326,149.97703618306812,1109024,Automobile and Auto Components
2022-07-21,150.22410583496094,151.06418088005893,147.60507317991178,148.6427934255457,1648004,Automobile and Auto Components
2022-07-22,149.08755493164062,151.31126712934517,148.5439778227657,151.21242944390843,1087730,Automobile and Auto Components
2022-07-25,149.03814697265625,150.12528618928255,148.00041152184258,149.8288032723483,1257932,Automobile and Auto Components
2022-07-26,148.3463134765625,150.17468996304518,147.70389869981472,148.44513607878386,1236041,Automobile and Auto Components
2022-07-27,154.27621459960938,155.1656934342245,148.24747780339916,148.24747780339916,6150245,Automobile and Auto Components
2022-07-28,154.17738342285156,156.15401654365735,153.13964801832574,155.16569998325446,2844227,Automobile and Auto Components
2022-07-29,156.64817810058594,159.76136929877043,154.3750469480077,154.67154493843344,10515406,Automobile and Auto Components
2022-08-01,156.3516845703125,160.00845300850625,155.26454534842495,158.92131378661875,4905156,Automobile and Auto Components
2022-08-02,156.40109252929688,157.09291109152278,152.89256579452746,156.1540133941795,2030331,Automobile and Auto Components
2022-08-03,155.56101989746094,156.59875529746554,153.88088476819885,156.40109500234894,1786056,Automobile and Auto Components
2022-08-04,154.67153930664062,156.35167441719148,152.3489893934728,155.1656975791858,1955013,Automobile and Auto Components
2022-08-05,154.5727081298828,156.3516810020711,154.22680637284148,154.67154582075997,1354483,Automobile and Auto Components
2022-08-08,156.15402221679688,156.6481805149513,154.02914756693866,154.77038501417027,2590856,Automobile and Auto Components
2022-08-10,155.2151336669922,156.74702749817885,154.4738961758227,156.15403147303712,1192483,Automobile and Auto Components
2022-08-11,157.2905731201172,159.02012708503435,155.65985684254366,156.6481733939249,2389107,Automobile and Auto Components
2022-08-12,157.33998107910156,158.7236332036233,157.043483118096,157.9329770011127,1969282,Automobile and Auto Components
2022-08-16,162.3310089111328,163.46756702046588,157.6365048482538,158.1306631706621,6168706,Automobile and Auto Components
2022-08-17,161.34268188476562,163.5663941925189,160.8485235941538,163.02281705674304,2549675,Automobile and Auto Components
2022-08-18,162.28158569335938,162.72632515544922,160.60145045851175,161.8862650782828,1881569,Automobile and Auto Components
2022-08-19,158.32830810546875,162.5286534379699,157.14233126298296,162.28157430076394,2439965,Automobile and Auto Components
2022-08-22,152.49725341796875,157.63649668890218,151.85483858378055,157.14233839207176,2795140,Automobile and Auto Components
2022-08-23,154.473876953125,154.81977869098426,151.11359169633403,151.41008967200875,1308903,Automobile and Auto Components
2022-08-24,155.95635986328125,156.25285785437873,153.63380986028423,154.47388498830807,1147919,Automobile and Auto Components
2022-08-25,156.20343017578125,158.08122554568527,155.75869075454224,156.7964110439288,1544589,Automobile and Auto Components
2022-08-26,159.02012634277344,160.3543597131158,156.79641411254534,156.79641411254534,2531421,Automobile and Auto Components
2022-08-29,157.8341522216797,158.9707253183503,154.47388193698822,154.67154223364406,1543185,Automobile and Auto Components
2022-08-30,158.6742401123047,159.6131379074218,157.78474608494494,158.4271609514573,1358768,Automobile and Auto Components
2022-09-01,157.88357543945312,158.67423172849223,155.65986310932,157.53765860033778,1819043,Automobile and Auto Components
2022-09-02,157.5376434326172,159.31661614154714,156.15400637040108,157.8835602384277,1977138,Automobile and Auto Components
2022-09-05,170.38577270507812,171.37408928708092,157.78473628454233,158.130653120449,20519525,Automobile and Auto Components
2022-09-06,171.91766357421875,173.74605525282905,169.6939513015644,171.76942212158073,8585867,Automobile and Auto Components
2022-09-07,169.15037536621094,172.70832105973298,168.2608964830875,169.9904504851163,4075337,Automobile and Auto Components
2022-09-08,167.81614685058594,171.76941290086825,166.72899265455302,170.3857607349615,2519858,Automobile and Auto Components
2022-09-09,169.19979858398438,171.52234862179884,167.9149839903107,168.45856113538585,3878081,Automobile and Auto Components
2022-09-12,172.31300354003906,174.3884593312283,169.5951329168871,170.68227211783926,4462912,Automobile and Auto Components
2022-09-13,173.40013122558594,174.73436456600604,172.4118147009824,173.64721035673682,3088176,Automobile and Auto Components
2022-09-14,171.07760620117188,172.95540167284275,169.15037680383452,169.19979564898676,3827679,Automobile and Auto Components
2022-09-15,171.42349243164062,172.46122776380045,168.8538786020923,171.42349243164062,3185362,Automobile and Auto Components
2022-09-16,165.44418334960938,172.21415770478634,164.75236478526247,171.76941827631433,5517575,Automobile and Auto Components
2022-09-19,163.56639099121094,166.33368038057893,162.4792367409369,165.44418642657817,2473225,Automobile and Auto Components
2022-09-20,164.45587158203125,167.56907783277268,164.1099698300694,164.80178841450723,2246675,Automobile and Auto Components
2022-09-21,160.89793395996094,165.49359978825274,160.1072777205469,164.15938152222293,2917909,Automobile and Auto Components
2022-09-22,159.1683807373047,162.03449265226777,157.78472854208766,160.40377640418765,2491845,Automobile and Auto Components
2022-09-23,156.49993896484375,160.60144680488582,155.95636182109357,160.10728850702463,2468501,Automobile and Auto Components
2022-09-26,152.69491577148438,156.5987633527754,150.9159428628981,156.1540238957575,2521787,Automobile and Auto Components
2022-09-27,155.56101989746094,156.64817414137318,151.2124330828397,153.23848503894132,3745978,Automobile and Auto Components
2022-09-28,153.97972106933594,155.5610184965423,152.9914045221393,154.91861877306997,2993689,Automobile and Auto Components
2022-09-29,152.69491577148438,155.7092844387396,151.7560180109989,155.16570728882232,2500303,Automobile and Auto Components
2022-09-30,155.1162872314453,155.8081058347963,152.2007562798498,152.2501751259137,1601745,Automobile and Auto Components
2022-10-03,151.9042510986328,155.85751730851533,151.4100928223975,155.06686105043607,1772744,Automobile and Auto Components
2022-10-04,154.67153930664062,155.4127767154584,153.43614362527768,154.07854334738093,1662915,Automobile and Auto Components
2022-10-06,155.85751342773438,158.32830474738938,155.41277400629917,157.7847276409626,2254876,Automobile and Auto Components
2022-10-07,155.3633575439453,156.4505117734539,154.2267995516975,155.95635350195246,1987207,Automobile and Auto Components
2022-10-10,155.1162872314453,155.7587020692469,152.54667312178253,155.36336638125027,1682424,Automobile and Auto Components
2022-10-11,152.4478302001953,155.5116175848846,152.052509606274,155.5116175848846,1129277,Automobile and Auto Components
2022-10-12,153.88087463378906,154.22679143784688,150.96534400141906,153.1396372655333,1640059,Automobile and Auto Components
2022-10-13,153.33731079101562,155.1162836445777,151.55835301796773,154.12796706821146,1623608,Automobile and Auto Components
2022-10-14,152.4478302001953,156.64817560279388,152.15133221449733,155.31394220740992,1244166,Automobile and Auto Components
2022-10-17,152.892578125,153.83147589806347,151.3112805810286,152.69491781706793,1060022,Automobile and Auto Components
2022-10-18,153.88087463378906,154.57269316139184,152.84313930212846,153.930293474442,981337,Automobile and Auto Components
2022-10-19,153.97972106933594,156.0551767701406,153.1396459720133,153.8808833824108,1714101,Automobile and Auto Components
2022-10-20,155.16571044921875,155.46220845344126,152.74433772901227,153.9303146653874,1195631,Automobile and Auto Components
2022-10-21,157.142333984375,159.61312539922366,155.70927797986556,156.2528551072351,2732131,Automobile and Auto Components
2022-10-24,157.9329833984375,160.1072767330303,157.14232716390012,160.1072767330303,511234,Automobile and Auto Components
2022-10-25,162.23216247558594,164.1593918935777,157.38941720905166,158.13065465273635,2989594,Automobile and Auto Components
2022-10-27,164.50527954101562,164.8511963506014,160.7990926405098,162.33098624215484,2659836,Automobile and Auto Components
2022-10-28,163.1710662841797,165.5430199406765,161.98507437541772,165.04886167219686,1730490,Automobile and Auto Components
2022-10-31,163.8134765625,164.90063085545242,163.31931826216064,163.31931826216064,1327747,Automobile and Auto Components
2022-11-01,164.10997009277344,164.95003013218053,162.7757366859607,164.06055124798146,1257707,Automobile and Auto Components
2022-11-02,163.31930541992188,164.5547010736278,162.7263094739377,164.06054281214543,1310601,Automobile and Auto Components
2022-11-03,162.92398071289062,164.35703661875948,161.83682653298297,162.13332449845896,1013714,Automobile and Auto Components
2022-11-04,173.4989776611328,175.67327110882414,165.54302622069224,165.54302622069224,18321325,Automobile and Auto Components
2022-11-07,174.83319091796875,177.05690314599528,172.46123724027927,174.43787033185842,5805787,Automobile and Auto Components
2022-11-09,172.5106658935547,175.0802800104214,171.02819099056885,174.83320085992375,3403993,Automobile and Auto Components
2022-11-10,174.0919647216797,176.4145147860833,171.57176943200452,171.91767119700177,4294982,Automobile and Auto Components
2022-11-11,168.85389709472656,176.76042989250337,166.77842620310437,175.42619645067273,8841054,Automobile and Auto Components
2022-11-14,177.2051544189453,177.89697296437078,168.65620750318288,169.89160314876878,9130844,Automobile and Auto Components
2022-11-15,179.72537231445312,182.78914459952372,175.9697663735632,178.29230123926797,9044124,Automobile and Auto Components
2022-11-16,180.02186584472656,182.34441592804853,177.69933084191936,179.82420553733027,5716223,Automobile and Auto Components
2022-11-17,184.5186920166016,185.01285027860663,179.8736073698563,180.5654259205608,9337439,Automobile and Auto Components
2022-11-18,182.09732055664065,185.80350754218964,181.35608315953084,184.8151910127099,4832127,Automobile and Auto Components
2022-11-21,180.3677673339844,182.6903172195315,179.03353398177416,182.097321267324,3117750,Automobile and Auto Components
2022-11-22,179.82420349121094,181.20785578827068,179.28062634167014,180.26894294792083,2545415,Automobile and Auto Components
2022-11-23,180.5654296875,181.9984856611084,179.1323737138916,180.02185257185167,3620927,Automobile and Auto Components
2022-11-24,179.72537231445312,181.3560886048525,178.09464094353984,180.96076801339623,2180968,Automobile and Auto Components
2022-11-25,183.38214111328125,184.46928028328009,179.57711631700056,179.6759540054159,4220729,Automobile and Auto Components
2022-11-28,183.5303955078125,186.19884739754997,181.99850171243077,183.72805581806804,3076130,Automobile and Auto Components
2022-11-29,183.72804260253903,185.01285714755613,181.99848862130827,183.5303823065012,2820098,Automobile and Auto Components
2022-11-30,186.64358520507807,188.12606001979515,183.382137596598,183.82687702491037,5349195,Automobile and Auto Components
2022-12-01,186.0505828857422,187.92837822130804,184.91402493219124,186.94006171195483,3046514,Automobile and Auto Components
2022-12-02,188.3731384277344,189.2626172809223,185.111690831856,185.161109674925,5571324,Automobile and Auto Components
2022-12-05,189.3614501953125,190.20151018426264,186.8412400674357,188.9166956994124,4492358,Automobile and Auto Components
2022-12-06,189.41085815429688,189.9544352653778,188.32371901264852,188.32371901264852,2496415,Automobile and Auto Components
2022-12-07,188.3731384277344,190.44859411201077,187.0389050674389,189.41085872961577,1797948,Automobile and Auto Components
2022-12-08,190.7945098876953,191.387490759734,187.82956028596115,187.82956028596115,2843937,Automobile and Auto Components
2022-12-09,189.21319580078125,191.9310662460486,186.5447441978942,190.89333087811656,3610100,Automobile and Auto Components
2022-12-12,188.96612548828125,189.50970261880568,186.79183204669764,189.2626234758868,2457058,Automobile and Auto Components
2022-12-13,189.90501403808597,190.9427494042995,188.1260563594494,189.4108557761284,2148935,Automobile and Auto Components
2022-12-14,189.8061981201172,191.09101266256843,188.7684627173484,190.0532772597996,2043083,Automobile and Auto Components
2022-12-15,188.81788635253903,190.6462629842745,187.78015092343827,189.65794640046693,1737746,Automobile and Auto Components
2022-12-16,187.3354034423828,189.21319883887656,184.51869526712855,187.68130518357185,2928687,Automobile and Auto Components
2022-12-19,187.9777984619141,188.76845469138377,185.358765724841,187.2859799163205,1527291,Automobile and Auto Components
2022-12-20,188.27430725097656,189.11438237065371,185.408195220044,188.17546956142127,1636538,Automobile and Auto Components
2022-12-21,184.96343994140625,190.30035846477483,183.6786404655253,188.32372532586368,2430068,Automobile and Auto Components
2022-12-22,181.7514190673828,186.49534182507367,180.4666195351145,185.01286690582748,2835248,Automobile and Auto Components
2022-12-23,175.27793884277344,180.36776283015897,174.53670146127965,179.03352951126487,3412607,Automobile and Auto Components
2022-12-26,178.5887908935547,179.57710740661312,172.80714834047083,175.03086049485228,2636180,Automobile and Auto Components
2022-12-27,175.8709259033203,180.12069005656,175.2779450255164,178.98413206371723,1821141,Automobile and Auto Components
2022-12-28,175.82151794433594,176.6121742442007,173.74606212276984,176.6121742442007,1853427,Automobile and Auto Components
2022-12-29,175.1296844482422,175.82150299661492,173.84486995525663,175.82150299661492,1694901,Automobile and Auto Components
2022-12-30,178.14407348632812,179.67596728691828,175.8709422093732,175.92036105723386,2298320,Automobile and Auto Components
2023-01-02,179.28062438964844,179.62654123027565,177.55107034754124,178.8853037836583,1333139,Automobile and Auto Components
2023-01-03,178.7864532470703,180.86192398069343,177.40281614499713,179.8736074562088,1729484,Automobile and Auto Components
2023-01-04,177.1063232421875,178.9347148970372,174.83319215468927,178.53937922761665,1956913,Automobile and Auto Components
2023-01-05,178.48997497558594,179.42887268205357,176.4639230318313,177.15574160078043,1362043,Automobile and Auto Components
2023-01-06,176.315673828125,179.47829898420164,175.67327407608627,178.39114470173598,1453876,Automobile and Auto Components
2023-01-09,178.68763732910156,179.23121445401048,176.71100420617017,176.90866450236052,1205955,Automobile and Auto Components
2023-01-10,178.8852996826172,180.96077051777036,177.00750422644177,180.07127655391292,2079610,Automobile and Auto Components
2023-01-11,180.86192321777344,182.1467377102865,178.98412786137894,178.98412786137894,1978023,Automobile and Auto Components
2023-01-12,180.51600646972656,183.3327145858657,179.57710879118463,181.94907748912107,2496914,Automobile and Auto Components
2023-01-13,180.91134643554688,181.89966297976676,179.4288716192171,180.6642672994919,1124171,Automobile and Auto Components
2023-01-16,180.91134643554688,183.3327189527828,179.77477336138583,180.26893163349573,1761103,Automobile and Auto Components
2023-01-17,182.09732055664065,182.4432373741639,180.2195251828345,180.2195251828345,2163936,Automobile and Auto Components
2023-01-18,182.83856201171875,183.43155797477309,181.20784573409003,182.04790575448425,2053428,Automobile and Auto Components
2023-01-19,187.28598022460935,189.1143718157357,181.25724343055649,181.75140168972436,6627616,Automobile and Auto Components
2023-01-20,184.32102966308597,188.22487687309155,183.233875466648,187.8295563001213,2166966,Automobile and Auto Components
2023-01-23,182.09732055664065,185.8529263847663,180.61484576242103,184.71635332755653,2065686,Automobile and Auto Components
2023-01-24,181.45492553710935,183.678637785944,179.52769619037497,182.6409023870517,1022069,Automobile and Auto Components
2023-01-25,180.0712890625,181.8008431850991,177.94641431551287,181.60318287290508,1474814,Automobile and Auto Components
2023-01-27,181.05958557128903,185.21051198786677,178.7370507703593,181.8502418126642,2867121,Automobile and Auto Components
2023-01-30,174.38845825195312,182.49265122563807,170.9787690528404,180.6148557480149,5339429,Automobile and Auto Components
2023-01-31,178.73704528808594,179.62652410702972,173.05422540574526,173.79546278170272,2968425,Automobile and Auto Components
2023-02-01,180.3183441162109,186.6435788244081,176.80981749188845,179.67594441733368,6211267,Automobile and Auto Components
2023-02-02,178.5887908935547,181.8502384027501,176.71099555094895,179.67594509012423,3120856,Automobile and Auto Components
2023-02-03,178.0946502685547,180.3183626430857,174.93204012976915,178.88530657337975,2239237,Automobile and Auto Components
2023-02-06,180.17010498046875,180.8619235297805,175.27794121256915,179.8736070077599,3756326,Automobile and Auto Components
2023-02-07,175.6732635498047,180.76308765701697,175.22852412654078,180.07126910077164,3197394,Automobile and Auto Components
2023-02-08,176.7604217529297,177.20516118622209,173.59779671504188,175.67326751109152,2279862,Automobile and Auto Components
2023-02-09,177.64990234375,178.14406062565195,176.01918604567916,176.7110046242391,933671,Automobile and Auto Components
2023-02-10,177.74874877929688,179.8242046171092,175.92035701407949,177.40283193273746,2162651,Automobile and Auto Components
2023-02-13,177.89698791503906,180.07128141789775,176.80983362335246,178.88530451456705,1839798,Automobile and Auto Components
2023-02-14,179.0829620361328,179.6759580188426,176.56275173038756,177.89698515122748,1147212,Automobile and Auto Components
2023-02-15,179.28062438964844,180.71369551752025,177.35341004454617,178.04522864528616,1191296,Automobile and Auto Components
2023-02-16,179.7747802734375,180.6148554005294,179.03354283677322,179.08296168198703,1153174,Automobile and Auto Components
2023-02-17,178.63821411132812,180.3183492085823,177.45223728270832,179.28061382834738,744768,Automobile and Auto Components
2023-02-20,176.5133514404297,179.33004471246494,176.01919313861495,178.73706379859598,729089,Automobile and Auto Components
2023-02-21,175.4261932373047,177.00750580010018,174.93203494649538,176.5627512739604,1282707,Automobile and Auto Components
2023-02-22,171.62115478515625,175.2285190709151,170.97875509014418,175.0802625470956,1688416,Automobile and Auto Components
2023-02-23,171.27525329589844,172.56006776822574,170.0892765062552,172.06590951583163,1262663,Automobile and Auto Components
2023-02-24,173.59779357910156,173.9437103990323,170.28694223060992,171.81883587806774,2866351,Automobile and Auto Components
2023-02-27,171.42349243164062,173.25188397308952,169.59511597070463,173.15304629173605,1136594,Automobile and Auto Components
2023-02-28,173.3013153076172,174.68495246323923,170.0892864787316,171.17642564943066,4639642,Automobile and Auto Components
2023-03-01,176.85923767089844,177.15573564205053,173.0048092874608,173.3013072586129,1291348,Automobile and Auto Components
2023-03-02,177.64990234375,178.88529804850486,174.8826129489963,176.5627480913601,1887952,Automobile and Auto Components
2023-03-03,178.48997497558594,179.97244980069706,176.56274563853046,177.600481032211,1646391,Automobile and Auto Components
2023-03-06,180.2689208984375,180.86191682186185,178.48996328919006,178.83586501076027,1620666,Automobile and Auto Components
2023-03-08,183.4315643310547,183.77746608772776,179.47829798840706,180.07127889149564,1486043,Automobile and Auto Components
2023-03-09,182.7397308349609,185.2105223015262,181.50433510167832,183.43156451001067,2303023,Automobile and Auto Components
2023-03-10,181.3560943603516,182.7397315548733,179.33004233368345,181.85025265561137,1169203,Automobile and Auto Components
2023-03-13,176.71099853515625,181.7020000264895,175.5250217155606,181.15842291902504,1556073,Automobile and Auto Components
2023-03-14,174.1907958984375,177.45224360370256,173.74605645692728,176.7110061743475,1046936,Automobile and Auto Components
2023-03-15,175.4261932373047,176.3650909737395,174.43787665568607,175.8709326829302,1074376,Automobile and Auto Components
2023-03-16,174.48728942871094,175.87092656262072,172.70831662760284,175.42618713247214,1284274,Automobile and Auto Components
2023-03-17,176.61215209960938,177.40280830033737,175.12967737843664,175.12967737843664,1425543,Automobile and Auto Components
2023-03-20,175.1296844482422,178.39113198258605,173.10363256474727,174.04254532380313,1187732,Automobile and Auto Components
2023-03-21,175.6238555908203,176.21685157893015,174.6849578434084,175.5250329798116,662527,Automobile and Auto Components
2023-03-22,175.77210998535156,178.19348259300585,175.22853284962977,175.62385344987422,740393,Automobile and Auto Components
2023-03-23,175.08026123046875,178.73704433000128,174.38844269938605,175.72267600116282,1884192,Automobile and Auto Components
2023-03-24,173.40013122558594,175.92034137942758,172.26357325449723,175.92034137942758,1138658,Automobile and Auto Components
2023-03-27,170.53402709960938,173.69663710620853,169.99044997022966,173.44955796380992,937532,Automobile and Auto Components
2023-03-28,171.12701416015625,171.76942900185244,168.50798118855175,170.48461439897466,1756017,Automobile and Auto Components
2023-03-29,174.9814453125,175.72268271279538,170.97876033480222,170.97876033480222,1807365,Automobile and Auto Components
2023-03-31,175.8709259033203,178.09463812624082,174.9814470463576,175.12968849568017,1369199,Automobile and Auto Components
2023-04-03,178.1934814453125,179.1817980200724,175.9697691521027,176.80982919234015,1467321,Automobile and Auto Components
2023-04-05,178.5887908935547,179.28060943659295,176.36507873917324,177.89697235051642,1497560,Automobile and Auto Components
2023-04-06,178.93470764160156,179.3794470562168,176.7109954880121,177.89697228715718,785051,Automobile and Auto Components
2023-04-10,179.3300323486328,179.9724471450097,176.80982216702955,178.93471176664207,1156540,Automobile and Auto Components
2023-04-11,182.7891387939453,183.6292138747505,179.03353297233747,179.3794497892604,3111608,Automobile and Auto Components
2023-04-12,183.13507080078125,185.8529414775641,182.44325219006672,183.67864795224077,3454442,Automobile and Auto Components
2023-04-13,183.23388671875,184.3210409819484,180.17011438880624,183.1350641096955,1772508,Automobile and Auto Components
2023-04-17,185.90234375,186.19882664207705,182.1961567939036,183.23387707719996,2576336,Automobile and Auto Components
2023-04-18,184.7163543701172,187.6813039752909,184.27161494544384,186.19882917270405,1962729,Automobile and Auto Components
2023-04-19,185.90234375,187.2365620058867,184.46927272923205,184.61752925578392,2717270,Automobile and Auto Components
2023-04-20,185.8529357910156,186.4953355354847,183.82688378693845,186.1494337809684,1214781,Automobile and Auto Components
2023-04-21,185.60585021972656,186.29766878532,184.12337540180624,185.7046728259464,1229798,Automobile and Auto Components
2023-04-24,186.19883728027344,187.43423300288808,184.86461894815807,185.6058563817269,1516858,Automobile and Auto Components
2023-04-25,188.71905517578125,190.34978664365863,186.29768247797944,186.29768247797944,3175232,Automobile and Auto Components
2023-04-26,190.0038604736328,191.0910147322155,188.57080446405672,188.71904591726616,2651365,Automobile and Auto Components
2023-04-27,191.83224487304688,194.0559570698109,189.75677412386176,190.00385325683555,4174431,Automobile and Auto Components
2023-04-28,193.5618133544922,194.05597165758712,192.07933844520736,192.52407790188988,1652708,Automobile and Auto Components
2023-05-02,190.3991851806641,194.9454475304364,189.1143856770676,194.69836838274256,3312587,Automobile and Auto Components
2023-05-03,190.59686279296875,191.2392625522822,183.8268880347519,190.25094594994485,1955862,Automobile and Auto Components
2023-05-04,190.6956787109375,192.22757240688955,189.21320385947047,190.74509755542252,1359120,Automobile and Auto Components
2023-05-05,184.8152008056641,191.58517542353175,183.92572191420612,190.3497796962212,3168051,Automobile and Auto Components
2023-05-08,188.3731384277344,191.2886692026433,183.97511776332297,186.5447467977759,7010904,Automobile and Auto Components
2023-05-09,187.0883331298828,190.00386404846375,186.05059769635008,187.78015172539983,2379013,Automobile and Auto Components
2023-05-10,186.0505828857422,187.0388993950954,184.51868928014207,186.7918202677571,1910151,Automobile and Auto Components
2023-05-11,187.4342193603516,188.17545673996884,185.1611034606024,186.05058228393787,1887563,Automobile and Auto Components
2023-05-12,187.7801513671875,190.64626343479677,187.285993074116,187.58249106606172,3121102,Automobile and Auto Components
2023-05-15,188.22488403320312,189.0155402897335,185.01285524396584,188.12606142645797,2633968,Automobile and Auto Components
2023-05-16,192.4746551513672,193.0676511352588,188.32372850566907,188.32372850566907,6317215,Automobile and Auto Components
2023-05-17,203.0496368408203,204.8780285324823,193.41355025719895,193.51238794667253,25682409,Automobile and Auto Components
2023-05-18,203.34613037109372,206.21224233682835,202.8025532519334,203.93912633390755,8697541,Automobile and Auto Components
2023-05-19,202.20957946777344,203.2967186637421,198.00923397852048,203.0990583627037,3476210,Automobile and Auto Components
2023-05-22,199.73876953125,202.20956076701256,198.6516153553093,202.20956076701256,1226847,Automobile and Auto Components
2023-05-23,206.95347595214844,207.99121132777157,199.44227935059465,199.73877732656027,7205041,Automobile and Auto Components
2023-05-24,204.3838653564453,206.8052378854772,203.9391259254825,206.3110796109599,2228274,Automobile and Auto Components
2023-05-25,205.7675018310547,206.558158083842,203.09905017334705,204.48268730533957,1709355,Automobile and Auto Components
2023-05-26,206.70640563964844,208.78187647946055,205.42160615649385,206.16284358778188,2034942,Automobile and Auto Components
2023-05-29,206.01458740234372,207.7441414116135,205.1251085154964,207.54648111237125,1649502,Automobile and Auto Components
2023-05-30,204.87803649902344,207.34882802679624,204.58153849958777,205.07569680514231,1049036,Automobile and Auto Components
2023-05-31,208.73245239257807,209.27602951130768,204.13678646621184,204.48268821048424,3082027,Automobile and Auto Components
2023-06-01,208.93011474609372,211.99390211421573,208.43595646610723,209.2266127301885,2669104,Automobile and Auto Components
2023-06-02,209.27603149414065,210.51142719363375,207.5464775148502,209.47369178995675,1439067,Automobile and Auto Components
2023-06-05,209.078369140625,211.3515002214236,207.99121490356495,210.2643459843636,1142529,Automobile and Auto Components
2023-06-06,209.47369384765625,210.1161086660116,207.1511589581028,209.52311269222423,1738539,Automobile and Auto Components
2023-06-07,209.17718505859372,210.5608372324728,208.78186448349305,209.62193955622365,1226098,Automobile and Auto Components
2023-06-08,207.05230712890625,211.69739167130416,206.3604885937428,209.9678377931391,1724965,Automobile and Auto Components
2023-06-09,203.2967071533203,207.9912106696293,202.50605091341825,207.54647124734484,4610250,Automobile and Auto Components
2023-06-12,203.1484832763672,204.58153935234589,201.4683480465813,203.2967247364456,2078411,Automobile and Auto Components
2023-06-13,203.988525390625,205.37217757842905,202.5554694408212,203.988525390625,1736495,Automobile and Auto Components
2023-06-14,207.744140625,208.53479689948952,204.0379534763124,205.7180886342813,2412025,Automobile and Auto Components
2023-06-15,204.92745971679688,209.52312602427423,203.79088654146935,208.97954886046676,2112022,Automobile and Auto Components
2023-06-16,212.4880523681641,214.46468541344933,203.7414451105715,206.95347380916004,7594969,Automobile and Auto Components
2023-06-19,210.6102600097656,215.84832559003365,209.81960376427745,214.5635261566931,3961466,Automobile and Auto Components
2023-06-20,217.7755584716797,219.3568559080692,210.5114257753937,210.7090860698781,6610978,Automobile and Auto Components
2023-06-21,227.60931396484372,228.30113256256683,219.8016038462136,220.39459983312727,13046366,Automobile and Auto Components
2023-06-22,226.91748046875,232.94620223082052,225.43500567931264,228.05403844177997,9572127,Automobile and Auto Components
2023-06-23,229.7836151123047,232.8968064461364,221.58058411584847,227.0657443959226,7886904,Automobile and Auto Components
2023-06-26,229.8330078125,232.7485385059195,227.3127976915562,232.2049614083805,4839246,Automobile and Auto Components
2023-06-27,230.0306701660156,231.7602240770383,226.32448321382415,230.9695678444681,2322043,Automobile and Auto Components
2023-06-28,229.5365295410156,232.60031702242333,228.39997148722716,230.2777669884032,2064907,Automobile and Auto Components
2023-06-30,233.9345245361328,235.91115763754587,229.78359803926816,230.27775631462143,4246988,Automobile and Auto Components
2023-07-03,236.9983062744141,237.9866228017632,234.4780961135712,235.76291061522767,3401522,Automobile and Auto Components
2023-07-04,236.65240478515625,238.28313620920963,233.34155325240735,237.19598192650736,2510455,Automobile and Auto Components
2023-07-05,243.57061767578125,244.41069279943795,235.8123415853952,237.1959787626382,4369590,Automobile and Auto Components
2023-07-06,245.3990020751953,249.0557702895341,244.01534985861187,244.75658727018785,6113202,Automobile and Auto Components
2023-07-07,245.0036773681641,246.7332314058835,240.40801124300103,246.7332314058835,3116006,Automobile and Auto Components
2023-07-10,248.16629028320312,250.0440856849956,244.1141864197388,246.04140066484456,3804635,Automobile and Auto Components
2023-07-11,249.5499267578125,250.19232647765685,247.3262145391785,250.19232647765685,3500071,Automobile and Auto Components
2023-07-12,251.4771423339844,252.218379744134,247.42505354014148,249.9946675136852,4664570,Automobile and Auto Components
2023-07-13,248.75927734375,253.45379612592995,247.22738364605092,252.95962276103,4071697,Automobile and Auto Components
2023-07-14,251.27947998046875,254.4421049689209,248.75926979052065,249.74758632928356,3804390,Automobile and Auto Components
2023-07-17,245.6460876464844,252.9596242667222,245.10251051432155,252.9596242667222,4598129,Automobile and Auto Components
2023-07-18,244.756591796875,248.4627789232996,241.39632150112232,247.07914176164,3584384,Automobile and Auto Components
2023-07-19,245.79432678222656,246.930899880668,243.0764562275607,245.69550417400168,1746775,Automobile and Auto Components
2023-07-20,248.0674591064453,248.46277970229775,244.16361167047455,246.43674279791136,2324881,Automobile and Auto Components
2023-07-21,248.85812377929688,251.72423589726287,246.2390757316932,247.6721468711908,2501375,Automobile and Auto Components
2023-07-24,248.5616149902344,250.48882926729644,246.1402424328737,249.79701069098107,2084432,Automobile and Auto Components
2023-07-25,247.37564086914065,249.00635717995343,246.18966399941183,248.56161773886944,872190,Automobile and Auto Components
2023-07-26,249.1546173095703,249.59935675707243,247.32622559365527,247.3756444390476,1186109,Automobile and Auto Components
2023-07-27,252.761962890625,253.9973586036779,249.5993528813124,250.14293001115848,4422928,Automobile and Auto Components
2023-07-28,248.2156982421875,253.9973561557596,243.8671114063567,253.5526016389356,5655882,Automobile and Auto Components
2023-07-31,246.68382263183597,249.89585149381028,244.213031199548,249.54993466108436,2983956,Automobile and Auto Components
2023-08-01,262.12646484375,265.71314994994185,249.07493230978625,249.87197513364305,15140281,Automobile and Auto Components
2023-08-02,258.689208984375,265.015718110423,254.05642149683405,262.9733159033883,6156571,Automobile and Auto Components
2023-08-03,255.94940185546875,259.38664818385723,250.8184641805709,259.38664818385723,2627515,Automobile and Auto Components
2023-08-04,255.7003173828125,259.4862745664283,254.55457878428385,256.7464503329379,2686418,Automobile and Auto Components
2023-08-07,262.0268249511719,262.9733218419447,256.3479044158437,257.09512920182607,2201323,Automobile and Auto Components
2023-08-08,260.3330993652344,264.31829816396527,256.2980977433809,262.9733178931167,2780303,Automobile and Auto Components
2023-08-09,263.222412109375,263.7703648224979,257.7427633595214,260.9807376207985,2199916,Automobile and Auto Components
2023-08-10,262.2759094238281,266.41054730912265,260.0342349843082,262.9733314113187,3513303,Automobile and Auto Components
2023-08-11,268.1042785644531,270.49539197055435,260.5821969353694,262.5249936804459,5383929,Automobile and Auto Components
2023-08-14,263.7205505371094,269.00092694112885,260.03422937642455,268.9511241165202,2743735,Automobile and Auto Components
2023-08-16,266.2113037109375,267.0083313441325,260.7814579452488,263.820160002042,1644032,Automobile and Auto Components
2023-08-17,265.5138854980469,267.9049988362351,263.12277215985864,267.6559238967435,2043018,Automobile and Auto Components
2023-08-18,266.7592468261719,268.6024073669661,263.1725617963177,265.9622192216061,2460276,Automobile and Auto Components
2023-08-21,263.5212707519531,267.6061056044643,262.8736820276334,267.6061056044643,1743064,Automobile and Auto Components
2023-08-22,266.2113037109375,267.8053589773275,263.4714794154287,264.0194321126684,1503735,Automobile and Auto Components
2023-08-23,267.10797119140625,271.9898339245047,266.2113074901687,266.7094573691513,2938935,Automobile and Auto Components
2023-08-24,264.2186889648437,269.84777611142755,263.02311717943945,268.8514764251418,1953379,Automobile and Auto Components
2023-08-25,258.0416259765625,264.56737694267946,255.89958767197365,264.16886313793225,3437835,Automobile and Auto Components
2023-08-28,260.1338806152344,263.77036875893043,257.8922060932038,259.43645860207334,2777996,Automobile and Auto Components
2023-08-29,259.4364624023437,261.5286980678177,258.489995833083,260.9807453384908,1764061,Automobile and Auto Components
2023-08-30,260.63201904296875,262.67442135577096,259.2870083079905,260.63201904296875,1604092,Automobile and Auto Components
2023-08-31,265.8127746582031,267.30722435921547,260.8811088876565,261.0803506049973,4027197,Automobile and Auto Components
2023-09-01,264.76666259765625,268.4031506596468,263.22241012348337,267.0083370693203,1734067,Automobile and Auto Components
2023-09-04,271.7905578613281,275.7757568352752,264.76665683160854,264.76665683160854,4649470,Automobile and Auto Components
2023-09-05,271.0433349609375,274.331142380372,268.9012965782993,273.1854037482311,2354647,Automobile and Auto Components
2023-09-06,271.9400329589844,273.1355744339287,268.154075610021,271.9898357853611,1938691,Automobile and Auto Components
2023-09-07,272.98614501953125,275.32745562891483,271.4916953205192,271.9400423920856,1950317,Automobile and Auto Components
2023-09-08,272.43817138671875,275.9252204168412,271.34223561060645,275.9252204168412,2113514,Automobile and Auto Components
2023-09-11,276.4233703613281,278.415969807711,273.2351990852536,275.77575121752994,2481329,Automobile and Auto Components
2023-09-12,265.4640808105469,278.7148553367219,264.7168559973117,278.7148553367219,2719083,Automobile and Auto Components
2023-09-13,266.6596069335937,268.85147842156005,262.5747721085586,267.8053455003996,1561354,Automobile and Auto Components
2023-09-14,267.75555419921875,269.3496398586381,265.2150020328649,267.8053570241845,1148512,Automobile and Auto Components
2023-09-15,267.2574157714844,268.9511375579938,263.22241382757056,267.00834082668337,4681735,Automobile and Auto Components
2023-09-18,264.9659423828125,269.3994582234297,264.51759531363854,268.7518694382448,1722758,Automobile and Auto Components
2023-09-20,260.881103515625,265.2648164673943,259.13757890034634,264.9659386952091,3029530,Automobile and Auto Components
2023-09-21,257.0951232910156,262.226091027187,256.1984596493825,260.88108036241056,1621070,Automobile and Auto Components
2023-09-22,255.2519989013672,258.88848677671734,252.811052440084,257.34420397714786,1539984,Automobile and Auto Components
2023-09-25,257.9419860839844,258.390333110559,252.66160983922543,255.2519951384984,1618125,Automobile and Auto Components
2023-09-26,255.84976196289065,259.9345969920751,255.6505202569885,257.94199750512223,1054327,Automobile and Auto Components
2023-09-27,259.1873779296875,259.6357249860522,254.40515121685848,256.7464617468573,938187,Automobile and Auto Components
2023-09-28,257.0951232910156,260.1338555936074,255.55087093068383,260.1338555936074,1213279,Automobile and Auto Components
2023-09-29,259.6357116699219,261.92718885132444,257.59327901248065,258.091428869712,1763561,Automobile and Auto Components
2023-10-03,259.0379333496094,260.9308967816178,256.8958949816879,260.73165507568046,1516586,Automobile and Auto Components
2023-10-04,255.7003173828125,259.2870024603126,254.15606497670703,256.2483004723033,1369047,Automobile and Auto Components
2023-10-05,255.7003173828125,262.02682669380295,254.55457878428385,258.9382914769374,1099031,Automobile and Auto Components
2023-10-06,258.0416259765625,259.03792569075773,256.34790430056887,256.89588738616885,1742138,Automobile and Auto Components
2023-10-09,254.05642700195312,256.89588726702345,252.26308447676803,255.05272671568628,1339264,Automobile and Auto Components
2023-10-10,257.44384765625,259.7851581345586,253.55828473727777,254.05643460906023,1379644,Automobile and Auto Components
2023-10-11,262.0268249511719,264.3681353615144,257.9918232687285,257.9918232687285,2603326,Automobile and Auto Components
2023-10-12,263.8201599121094,267.0083312531131,261.82756042514586,263.3220100403685,2223186,Automobile and Auto Components
2023-10-13,261.5286865234375,265.1153717338329,260.9807338182983,263.86999703610223,1739355,Automobile and Auto Components
2023-10-16,263.4714660644531,265.0157184272618,260.08402278338923,261.7279416011159,1746547,Automobile and Auto Components
2023-10-17,267.80535888671875,272.98612971469925,263.7205542621573,264.11906807862,5876028,Automobile and Auto Components
2023-10-18,266.06182861328125,269.74814974675155,262.8238545165982,269.00092495520926,2208364,Automobile and Auto Components
2023-10-19,264.4677734375,265.0157261228847,261.5784799192035,264.0194264006182,1735128,Automobile and Auto Components
2023-10-20,257.0951232910156,264.4677653335965,256.04902077655265,264.4677653335965,3369452,Automobile and Auto Components
2023-10-23,250.61920166015625,257.8423595446614,249.124752055984,257.0951347425753,2039503,Automobile and Auto Components
2023-10-25,249.2243804931641,253.30921561648495,246.38493528021675,250.86828422918109,1426209,Automobile and Auto Components
2023-10-26,245.28900146484372,247.43105510162005,240.8056524791659,245.73733332294591,2212835,Automobile and Auto Components
2023-10-27,250.46975708007807,251.26679993967187,245.6377122980108,246.6838301010821,897365,Automobile and Auto Components
2023-10-30,253.3590240478516,254.95309449236868,248.07863244529744,250.4697457132368,2396032,Automobile and Auto Components
2023-10-31,254.4549560546875,257.9918384931799,253.060142452808,254.05644222624423,1320716,Automobile and Auto Components
2023-11-01,251.515869140625,254.95310024167168,251.0675372930672,254.1560726026035,736778,Automobile and Auto Components
2023-11-02,256.9955444335937,257.6431332197941,252.6118162116128,252.6118162116128,1033896,Automobile and Auto Components
2023-11-03,255.15237426757807,257.8423653731016,254.6542243882602,257.3442154937836,1008109,Automobile and Auto Components
2023-11-06,266.7592468261719,268.45296849169176,256.7962497458293,257.04532467283786,4740338,Automobile and Auto Components
2023-11-07,267.10797119140625,272.238908863996,265.9622325506774,268.5525875976624,4760250,Automobile and Auto Components
2023-11-08,265.41424560546875,269.00093076324305,264.5673847425053,268.5027808914592,1201343,Automobile and Auto Components
2023-11-09,267.70574951171875,269.7481517955852,264.9659252552539,266.0120278094967,3424296,Automobile and Auto Components
2023-11-10,267.15777587890625,268.6024226998839,265.0655402916702,267.40685082013306,1986224,Automobile and Auto Components
2023-11-13,270.79425048828125,272.4381693424416,266.310901768908,268.5027733046856,3059116,Automobile and Auto Components
2023-11-15,271.2924194335937,273.6835632425525,270.9935416598022,272.93633840341704,1405934,Automobile and Auto Components
2023-11-16,271.1429748535156,272.83669661518894,269.7979640903816,270.9935359697576,1294845,Automobile and Auto Components
2023-11-17,280.05987548828125,281.40488627821264,270.8441024821696,271.19281348765645,6605927,Automobile and Auto Components
2023-11-20,280.90673828125,285.2406180490988,279.96024131777915,281.8532048400641,5194118,Automobile and Auto Components
2023-11-21,284.543212890625,285.4398765790522,279.312639236035,282.7000522837908,2768726,Automobile and Auto Components
2023-11-22,282.0524597167969,286.3863696243475,280.508176892105,286.3863696243475,2518341,Automobile and Auto Components
2023-11-23,282.55059814453125,286.386358031685,281.7535401497966,283.4472617845358,1905294,Automobile and Auto Components
2023-11-24,280.4583740234375,285.3900698492995,279.8107852798028,284.9915256335352,1253846,Automobile and Auto Components
2023-11-28,282.251708984375,284.7922916074116,279.9602317052336,282.1521033324037,1552552,Automobile and Auto Components
2023-11-29,283.9952392578125,285.1908111520153,282.3513507067758,283.9952392578125,1490003,Automobile and Auto Components
2023-11-30,283.69635009765625,285.1409968781016,280.70745088679416,284.99152759383446,2863183,Automobile and Auto Components
2023-12-01,290.42138671875,295.9010355247641,284.44358802128,284.8421018535134,6079060,Automobile and Auto Components
2023-12-04,292.7626953125,298.2921469084568,291.2184124166216,296.2995473560895,3511808,Automobile and Auto Components
2023-12-05,291.2184143066406,295.6519605012943,289.2756479732676,294.2073136545897,2044114,Automobile and Auto Components
2023-12-06,289.8734130859375,292.9121150427162,288.22949423901514,291.9158153316866,1458541,Automobile and Auto Components
2023-12-07,293.75897216796875,296.84750731408457,289.2756235249582,290.6206341987921,3584122,Automobile and Auto Components
2023-12-08,288.8273010253906,297.29584918131934,286.18711268123826,296.4489882847952,2363589,Automobile and Auto Components
2023-12-11,292.2146911621094,293.16118804322696,289.17598922530715,289.62433625418475,1054535,Automobile and Auto Components
2023-12-12,287.4822692871094,294.25712556092947,286.78487773259025,293.9084145813428,1259211,Automobile and Auto Components
2023-12-13,285.9380187988281,290.1224897723801,284.3439331705867,288.2294959862253,1687805,Automobile and Auto Components
2023-12-14,295.0541687011719,296.3991794620148,286.5358178902603,288.8272951830623,3367531,Automobile and Auto Components
2023-12-15,294.4563903808594,297.89363681364875,292.214715856342,297.2958508595128,2994796,Automobile and Auto Components
2023-12-18,304.2201232910156,305.0669841275665,285.93801748581734,294.45636786578046,7197317,Automobile and Auto Components
2023-12-19,303.9710693359375,308.7532961240062,302.9747695547018,304.8179302309191,5132028,Automobile and Auto Components
2023-12-20,286.3365478515625,305.6149544843161,277.46948597842555,305.5153184263729,6303984,Automobile and Auto Components
2023-12-21,292.5136108398437,293.310638472965,280.80708885102484,283.945426962841,3078298,Automobile and Auto Components
2023-12-22,292.2645263671875,296.59843619192344,289.4250661092809,294.30692861332585,2168051,Automobile and Auto Components
2023-12-26,295.2534484863281,296.49882322230496,291.71656599335984,292.2645491199836,1797988,Automobile and Auto Components
2023-12-27,299.93603515625,300.6334571607389,294.55602245120616,297.0966051207104,2483698,Automobile and Auto Components
2023-12-28,306.4617919921875,307.75696943268173,298.9397110587906,300.88250762418573,3369816,Automobile and Auto Components
2023-12-29,316.67388916015625,323.0502016310798,304.8677307605564,307.5577523114826,9953048,Automobile and Auto Components
2024-01-01,320.8085327148437,325.24207894683394,317.1720445584795,318.66649424503936,4091951,Automobile and Auto Components
2024-01-02,320.9579467773437,323.54833211461954,314.3325597603155,322.5520324006407,3175785,Automobile and Auto Components
2024-01-03,324.793701171875,327.5833281611829,316.82330359710505,320.9579412580862,2969074,Automobile and Auto Components
2024-01-04,323.49853515625,327.4339008550272,322.8011131819579,325.7900123780871,2563207,Automobile and Auto Components
2024-01-05,328.1313171386719,329.7752055871027,319.9616473157399,324.2955571558971,3866526,Automobile and Auto Components
2024-01-08,322.352783203125,330.0243037077798,321.4063166503796,330.0243037077798,2104572,Automobile and Auto Components
2024-01-09,326.0390930175781,330.7715168276117,323.6479796997553,323.8970546371256,2558574,Automobile and Auto Components
2024-01-10,326.5870361328125,327.73280513481217,321.60553753161247,325.74020569433213,1680275,Automobile and Auto Components
2024-01-11,337.5961608886719,338.74189946770537,326.4874252664706,327.2844528680624,6817569,Automobile and Auto Components
2024-01-12,336.4006042480469,340.53524212643833,332.7641162442726,340.53524212643833,3773816,Automobile and Auto Components
2024-01-15,324.44500732421875,338.3434009907695,320.55944438233365,338.3434009907695,5461009,Automobile and Auto Components
2024-01-16,324.5944519042969,331.2696725045978,321.5059469505352,324.7937240195455,4455576,Automobile and Auto Components
2024-01-17,318.2181396484375,323.69778836951303,313.087201926907,320.7587222982752,4636107,Automobile and Auto Components
2024-01-18,317.91925048828125,321.0077857376948,308.2053281035377,318.21812824594986,4819502,Automobile and Auto Components
2024-01-19,325.9892883300781,326.78631596324834,319.8122177567156,321.8048172442964,2374513,Automobile and Auto Components
2024-01-23,313.5355529785156,326.38781406166066,312.190542194367,324.6940922735245,3270317,Automobile and Auto Components
2024-01-24,314.13330078125,318.0686969777627,310.24773781531104,313.8344230164299,4837038,Automobile and Auto Components
2024-01-25,309.2514343261719,316.37497141183485,306.31236832540526,314.3325690993588,3275873,Automobile and Auto Components
2024-01-29,314.13330078125,316.0760974665473,310.1481017588192,313.5355452516099,1788476,Automobile and Auto Components
2024-01-30,316.82330322265625,320.65906313191164,314.2827511605625,317.71996686782734,2813599,Automobile and Auto Components
2024-01-31,333.7106018066406,334.7567043458597,317.5207314327709,318.8159089008187,7916850,Automobile and Auto Components
2024-02-01,332.96337890625,336.25115582355176,325.0427839627667,336.25115582355176,4859425,Automobile and Auto Components
2024-02-02,342.0795288085937,346.214166733254,333.26226984826894,334.5574473749051,7553484,Automobile and Auto Components
2024-02-05,345.8156433105469,352.69010538543364,338.74190912725265,345.6163712021395,4765223,Automobile and Auto Components
2024-02-06,347.21044921875,350.69749820659973,344.3709889619987,347.7085990741571,3570626,Automobile and Auto Components
2024-02-07,345.5665588378906,350.2491492096512,342.87653747192405,348.0074748728971,2187232,Automobile and Auto Components
2024-02-08,343.7732238769531,348.6052838480112,342.2787742202129,346.71232036373806,1892474,Automobile and Auto Components
2024-02-09,337.1478271484375,345.6163749689151,331.2696647422135,344.2713642341435,2694398,Automobile and Auto Components
2024-02-12,326.985595703125,340.1367343852085,325.0427989955421,339.73822055932527,2172402,Automobile and Auto Components
2024-02-13,329.3268737792969,330.72171776817845,320.21073704866666,326.53724661084533,2865332,Automobile and Auto Components
2024-02-14,335.404296875,336.3507937771207,322.7513085901222,325.989282701534,1375999,Automobile and Auto Components
2024-02-15,333.1128234863281,339.63857460846594,331.2696628900689,337.745611187168,1765944,Automobile and Auto Components
2024-02-16,335.2548522949219,337.99467649644055,334.00947765786793,336.7493018593866,1375288,Automobile and Auto Components
2024-02-19,335.5537414550781,342.72711177027145,334.7567138221256,339.0407905573919,1339482,Automobile and Auto Components
2024-02-20,329.5759582519531,337.3969176815799,326.2881811079948,337.3969176815799,2205476,Automobile and Auto Components
2024-02-21,325.4911499023437,332.9633982434935,324.39521406471056,330.5722544506005,1841503,Automobile and Auto Components
2024-02-22,331.1700439453125,332.1663437348018,322.1037097800285,325.6903951031213,1827753,Automobile and Auto Components
2024-02-23,328.7789306640625,333.760429613518,327.7826308741714,332.86376588354733,846452,Automobile and Auto Components
2024-02-26,326.9357604980469,330.9707927729746,326.48744384838096,329.82502372407606,1346413,Automobile and Auto Components
2024-02-27,324.9431457519531,328.629466856883,323.79740716138986,327.68296996639566,769796,Automobile and Auto Components
2024-02-28,316.9229431152344,327.2844539948718,314.8805104715606,325.5409295063146,2643104,Automobile and Auto Components
2024-02-29,319.11480712890625,320.80852891547784,315.22924407079915,316.8233297985154,1725182,Automobile and Auto Components
2024-03-01,322.9007568359375,325.69038398945327,320.1609325083341,320.8085212684729,1556230,Automobile and Auto Components
2024-03-04,327.5335388183594,330.82131579140406,322.8011150635694,326.58704190553937,1431470,Automobile and Auto Components
2024-03-05,324.3453674316406,329.92465204343824,322.5520400657241,328.7789134260663,1177352,Automobile and Auto Components
2024-03-06,320.6590881347656,324.7937261132516,315.3786810931982,324.2955762265748,1783348,Automobile and Auto Components
2024-03-07,326.9357604980469,329.5759487838209,321.1572340459885,322.3029726902313,2193814,Automobile and Auto Components
2024-03-11,321.8546142578125,331.07038672146206,320.80851170758444,329.775209239784,2257244,Automobile and Auto Components
2024-03-12,318.2679748535156,324.99299832563537,317.0226001364564,323.00039877834064,2261648,Automobile and Auto Components
2024-03-13,299.5873413085937,318.81591395728026,296.8475170480233,317.86941705085763,3710437,Automobile and Auto Components
2024-03-14,304.66845703125,308.753292162841,293.5597206939235,296.10030334627385,2850926,Automobile and Auto Components
2024-03-15,304.1702880859375,305.664737644967,297.74417322490325,304.6684379389473,2689532,Automobile and Auto Components
2024-03-18,305.913818359375,307.9562510381507,301.48030282649773,303.871416085254,1088219,Automobile and Auto Components
2024-03-19,295.3530578613281,303.87140812392414,289.2756236179189,303.87140812392414,5242694,Automobile and Auto Components
2024-03-20,300.3345642089844,301.33086393380484,292.61324134162595,295.35306558488213,2481845,Automobile and Auto Components
2024-03-21,304.66845703125,305.5153179153668,301.6795577258892,302.57625184122224,1116789,Automobile and Auto Components
2024-03-22,306.06329345703125,307.60754589805816,302.2773361878004,304.6684494919879,1029834,Automobile and Auto Components
2024-03-26,303.4230651855469,305.7643755901238,302.37696264960925,303.871412217894,1432199,Automobile and Auto Components
2024-03-27,303.4230651855469,306.3621614983685,302.5264015255069,303.4230651855469,2010127,Automobile and Auto Components
2024-03-28,303.4230651855469,305.31605896243093,301.67954068921466,304.31975925024113,1828715,Automobile and Auto Components
2024-04-01,309.40087890625,311.24403954675614,303.8714273893874,303.8714273893874,2411492,Automobile and Auto Components
2024-04-02,313.1369934082031,315.6277427366319,310.8455161879106,310.9949550666853,2357872,Automobile and Auto Components
2024-04-03,312.4396057128906,315.029991127505,310.7458839866971,313.1369972907045,1599659,Automobile and Auto Components
2024-04-04,318.2679748535156,322.7513238349288,313.83442869892235,314.1831397006302,4262580,Automobile and Auto Components
2024-04-05,320.6590881347656,321.456115791586,317.71999164151026,318.9653663582022,1305255,Automobile and Auto Components
2024-04-08,375.7544555664063,382.0809652439452,319.81222905686155,323.29927828333825,74073530,Automobile and Auto Components
2024-04-09,382.6787414550781,396.3778630676648,373.1640605649974,378.5939063842121,58966980,Automobile and Auto Components
2024-04-10,382.529296875,386.7137375351765,376.7507401471536,382.4794636452668,14942496,Automobile and Auto Components
2024-04-12,396.6767272949219,401.5087870161212,379.0920433241541,382.1307453072034,22382969,Automobile and Auto Components
2024-04-15,407.5364074707031,422.0823901477361,397.3741680915625,399.5162065093724,45094809,Automobile and Auto Components
2024-04-16,458.0986022949219,468.6593854816421,405.6434277513429,408.4828880541134,73697304,Automobile and Auto Components
2024-04-18,447.9861755371094,479.9176006983018,443.7519016087725,465.0229073061723,41063153,Automobile and Auto Components
2024-04-19,442.6559753417969,462.6816067858241,437.3755987263255,447.98618518852726,16828994,Automobile and Auto Components
2024-04-22,464.2258911132813,473.2423918916706,437.4752361433156,445.34599826437216,22247019,Automobile and Auto Components
2024-04-23,459.7425231933594,474.8364580423822,457.30157668968974,469.5560512234338,11816994,Automobile and Auto Components
2024-04-24,442.905029296875,455.3089729988589,439.86632730633744,455.3089729988589,9263587,Automobile and Auto Components
2024-04-25,445.7445068359375,449.3311920552252,431.8959462437697,442.9050464371407,8617134,Automobile and Auto Components
2024-04-26,464.92327880859375,474.6870347389847,442.50653411768127,445.7445083508131,13397687,Automobile and Auto Components
2024-04-29,453.8643493652344,467.3143962988658,451.4234331645172,467.21479064530456,4116072,Automobile and Auto Components
2024-04-30,470.6520080566406,479.8677809837628,455.3089975886333,456.20566130601657,15667803,Automobile and Auto Components
2024-05-02,462.2830810546875,483.7533283685334,458.2978820800781,476.0320053552277,8227489,Automobile and Auto Components
2024-05-03,467.21478271484375,469.25718505268,456.8532409292342,464.8236389768381,4677076,Automobile and Auto Components
2024-05-06,458.7960205078125,470.0541951684008,451.473211493695,469.2571675552219,3317781,Automobile and Auto Components
2024-05-07,451.4732360839844,465.2719940218815,449.6300754228809,460.2904951565508,3906642,Automobile and Auto Components
2024-05-08,458.5469665527344,468.7092363112027,444.1504227956802,452.1208209106653,5681003,Automobile and Auto Components
2024-05-09,447.1393127441406,459.6926955938231,443.7020968716804,459.2941817773335,3009772,Automobile and Auto Components
2024-05-10,450.5765686035156,455.05991754484415,443.4530313665582,446.2924917769975,2507601,Automobile and Auto Components
2024-05-13,454.1134033203125,457.94916334948033,433.3903811644271,450.5765514519819,3521742,Automobile and Auto Components
2024-05-14,459.5432434082031,462.28306762364497,449.3809741563388,453.3163701912898,2670099,Automobile and Auto Components
2024-05-15,461.3864135742188,466.4177150764489,451.9713689122238,460.2904777842776,2790280,Automobile and Auto Components
2024-05-16,471.4490356445313,474.5375404264635,458.5967450424341,463.2793658483545,5643074,Automobile and Auto Components
2024-05-17,474.5375671386719,483.2053872785201,469.3069933588528,473.7405394864666,5415700,Automobile and Auto Components
2024-05-21,472.8438720703125,488.13707946379526,471.0505142599234,474.58739664991936,4773364,Automobile and Auto Components
2024-05-22,465.22216796875,475.5338457814463,460.4399110539944,474.2386683029848,3905977,Automobile and Auto Components
2024-05-23,463.17974853515625,469.1077442202831,458.64659682628667,467.264583598505,2752325,Automobile and Auto Components
2024-05-24,472.9933166503906,493.666536914731,459.6927086162573,463.22959104885376,15407670,Automobile and Auto Components
2024-05-27,492.5207824707031,498.59821696465656,466.7166252897851,478.12423906815695,16271268,Automobile and Auto Components
2024-05-28,508.0132446289063,515.4855232789511,490.6776347805353,496.6056305504062,30884954,Automobile and Auto Components
2024-05-29,504.9247131347656,512.8951113241362,499.7937753812896,508.013248514078,7972560,Automobile and Auto Components
2024-05-30,496.10748291015625,507.1165832129362,493.91561125307095,503.6295340159906,5676238,Automobile and Auto Components
2024-05-31,486.443359375,509.6571316953445,483.40465725914856,499.1461813556068,8222556,Automobile and Auto Components
2024-06-03,503.03173828125,514.09067160009,491.2754133793892,510.8028945831144,6117134,Automobile and Auto Components
2024-06-04,453.7647399902344,503.0317451113952,427.6118711671039,503.0317451113952,10982923,Automobile and Auto Components
2024-06-05,489.2329711914063,494.6628168921651,449.131906982122,461.23697304852425,9047361,Automobile and Auto Components
2024-06-06,525.8967895507812,534.7140786702392,490.2791045135236,491.823356937255,15257519,Automobile and Auto Components
2024-06-07,525.0997924804688,531.9244825317526,519.0721909091257,530.0314886058634,10807984,Automobile and Auto Components
2024-06-10,523.8543701171875,534.5147890694367,520.4171239902009,528.0388410192012,7592659,Automobile and Auto Components
2024-06-11,526.89306640625,538.6494513884102,521.0647375470849,523.05733692585,6050148,Automobile and Auto Components
2024-06-12,538.6992797851562,543.9796562277023,527.8395883316118,528.4374046592063,8303195,Automobile and Auto Components
2024-06-13,540.2933349609375,547.8652494441877,539.1476267495086,547.8652494441877,7311854,Automobile and Auto Components
2024-06-14,540.2435302734375,545.8726480891761,537.2048282493447,542.9833545394623,4633973,Automobile and Auto Components
2024-06-18,562.4609985351562,564.3041895150993,541.1900236942687,542.6844732842882,9249847,Automobile and Auto Components
2024-06-19,558.2765502929688,565.2506486641954,547.2674500259662,564.9019680693589,5371061,Automobile and Auto Components
2024-06-20,570.1325073242188,574.0679033286854,556.4831891766135,558.9739384440849,6213481,Automobile and Auto Components
2024-06-21,567.5919799804688,573.8686562463005,564.9019584924521,572.7727508445545,4370512,Automobile and Auto Components
2024-06-24,571.7265625,574.7154616208002,555.2876173355991,564.9019338312296,3836291,Automobile and Auto Components
2024-06-25,577.5051879882812,618.0545401191415,572.4240226582373,572.87236971814,41296482,Automobile and Auto Components
2024-06-26,565.9978637695312,586.8205528726062,564.2543392066669,579.8464546211491,10419619,Automobile and Auto Components
2024-06-27,564.1547241210938,571.2782915396801,555.1880265191691,565.9978543044322,5425029,Automobile and Auto Components
2024-06-28,562.4111938476562,573.3704908048294,557.1308174756074,564.8521403317976,8329177,Automobile and Auto Components
2024-07-01,567.2930908203125,570.6306705934687,560.9167482219518,565.1510220762028,3408403,Automobile and Auto Components
2024-07-02,562.4111938476562,570.4313944589984,557.5293008793736,569.5347611935425,3063083,Automobile and Auto Components
2024-07-03,566.794921875,569.6343516873661,557.9776330720858,563.3078729359431,4377676,Automobile and Auto Components
2024-07-04,564.1049194335938,568.588268219752,561.4647008246877,567.8908462467099,2424207,Automobile and Auto Components
2024-07-05,565.8484497070312,568.8871517533086,562.9093533110671,566.944355097718,2043238,Automobile and Auto Components
2024-07-08,569.3355102539062,574.267206229848,563.008970289652,567.8908634394348,2684664,Automobile and Auto Components
2024-07-09,576.3095703125,583.3334709952439,565.5993485990946,570.2819693240264,7274064,Automobile and Auto Components
2024-07-10,565.3502807617188,578.8003268029524,547.0183418336472,578.8003268029524,6939639,Automobile and Auto Components
2024-07-11,561.3651123046875,567.8410607489653,560.0699347776942,567.193441580813,1798542,Automobile and Auto Components
2024-07-12,556.9813842773438,562.8097745222901,553.5441378471414,561.3651276679369,1898237,Automobile and Auto Components
2024-07-15,560.5680541992188,565.8982333053966,556.4831889168871,559.223013109827,2958990,Automobile and Auto Components
2024-07-16,554.5404052734375,567.0938183542878,552.5976694478086,562.1123197053734,2607256,Automobile and Auto Components
2024-07-18,553.643798828125,555.2876569763315,545.5239313132356,554.5404321427887,3274009,Automobile and Auto Components
2024-07-19,538.5,564.0551122053148,536.0092506938021,555.3872924578841,6807005,Automobile and Auto Components
2024-07-22,546.9000244140625,550.5999755859375,529.0,538.0,2759045,Automobile and Auto Components
2024-07-23,546.75,555.0,523.4000244140625,548.7999877929688,6167712,Automobile and Auto Components
2024-07-24,539.8499755859375,550.1500244140625,538.0499877929688,546.75,3826636,Automobile and Auto Components
2024-07-25,539.9000244140625,543.5499877929688,532.5999755859375,535.0,2209120,Automobile and Auto Components
2024-07-26,553.75,555.9500122070312,539.4000244140625,541.7999877929688,4764451,Automobile and Auto Components
2024-07-29,551.9000244140625,560.0,549.4000244140625,557.0,3570024,Automobile and Auto Components
2024-07-30,531.7000122070312,554.8499755859375,530.0,554.5,11059876,Automobile and Auto Components
2024-07-31,523.2999877929688,537.7000122070312,520.5,537.7000122070312,6871718,Automobile and Auto Components
2024-08-01,512.75,528.3499755859375,508.3999938964844,525.9000244140625,6238603,Automobile and Auto Components
2024-08-02,508.8500061035156,519.75,502.75,509.5499877929688,3858656,Automobile and Auto Components
2024-08-05,485.3500061035156,502.6000061035156,481.25,490.0,5562811,Automobile and Auto Components
2024-08-06,481.6499938964844,500.6499938964844,479.7999877929688,488.0499877929688,3256185,Automobile and Auto Components
2024-08-07,496.25,498.8999938964844,483.2000122070313,489.8999938964844,2481856,Automobile and Auto Components
2024-08-08,486.1499938964844,498.7000122070313,485.0,498.7000122070313,2688578,Automobile and Auto Components
2024-08-09,493.2000122070313,501.8999938964844,486.4500122070313,488.75,3465434,Automobile and Auto Components
2024-08-12,499.1000061035156,503.5,487.2999877929688,488.0,3653337,Automobile and Auto Components
2024-08-13,492.5,507.4500122070313,490.9500122070313,500.0,3705316,Automobile and Auto Components
2024-08-14,486.2000122070313,494.9500122070313,485.0,494.4500122070313,1525319,Automobile and Auto Components
2024-08-16,495.7000122070313,497.5,488.9500122070313,490.1000061035156,2432843,Automobile and Auto Components
2024-08-19,496.9500122070313,500.4500122070313,494.1499938964844,498.0499877929688,1736472,Automobile and Auto Components
2024-08-20,497.25,498.9500122070313,490.6000061035156,497.9500122070313,1565074,Automobile and Auto Components
2024-08-21,508.0,510.8500061035156,498.2000122070313,501.2999877929688,4693036,Automobile and Auto Components
2024-08-22,512.4000244140625,514.7999877929688,508.0,511.75,2306377,Automobile and Auto Components
2024-08-23,499.3999938964844,514.6500244140625,498.4500122070313,513.0,2520654,Automobile and Auto Components
2024-08-26,497.9500122070313,502.8999938964844,495.25,502.7999877929688,2328819,Automobile and Auto Components
2024-08-27,498.7000122070313,505.4500122070313,497.25,499.2000122070313,3493620,Automobile and Auto Components
2024-08-28,491.7000122070313,500.75,490.1499938964844,499.3500061035156,2146014,Automobile and Auto Components
2024-08-29,490.2000122070313,493.0,484.6000061035156,491.75,3679333,Automobile and Auto Components
2024-08-30,492.8999938964844,496.8999938964844,491.0499877929688,492.0,1918993,Automobile and Auto Components
2024-09-02,490.5,498.2999877929688,487.0,493.0,2138470,Automobile and Auto Components
2024-09-03,488.8500061035156,493.0,488.3500061035156,490.5,1339877,Automobile and Auto Components
2024-09-04,484.1499938964844,491.0,482.25,484.75,3100314,Automobile and Auto Components
2024-09-05,495.6499938964844,499.7000122070313,483.5499877929688,486.0,4632193,Automobile and Auto Components
2024-09-06,483.0,497.8500061035156,482.0499877929688,497.3999938964844,2907507,Automobile and Auto Components
2024-09-09,474.75,483.75,466.5,483.0,3303604,Automobile and Auto Components
2024-09-10,478.7999877929688,483.7000122070313,475.8500061035156,479.3999938964844,2367852,Automobile and Auto Components
2024-09-11,472.2000122070313,484.7000122070313,470.1000061035156,479.0,2235825,Automobile and Auto Components
2024-09-12,479.8500061035156,481.7000122070313,474.2000122070313,475.8500061035156,2358899,Automobile and Auto Components
2024-09-13,485.3999938964844,488.75,477.5,479.7999877929688,2611944,Automobile and Auto Components
2024-09-16,489.9500122070313,492.2000122070313,482.0,489.4500122070313,1768851,Automobile and Auto Components
2024-09-17,482.2999877929688,493.1000061035156,481.0499877929688,493.1000061035156,1182845,Automobile and Auto Components
2024-09-18,471.75,482.25,469.6499938964844,481.0,2520895,Automobile and Auto Components
2024-09-19,459.9500122070313,476.7999877929688,454.0499877929688,473.5,4071446,Automobile and Auto Components
2024-09-20,466.2999877929688,467.9500122070313,461.2000122070313,465.0,3024808,Automobile and Auto Components
2024-09-23,471.1499938964844,473.0,466.0,468.0,1856224,Automobile and Auto Components
2024-09-24,476.7000122070313,477.9500122070313,470.6499938964844,471.1499938964844,2211052,Automobile and Auto Components
2024-09-25,473.7000122070313,478.5,469.2000122070313,476.7000122070313,2138128,Automobile and Auto Components
2024-09-26,471.75,474.6000061035156,465.3999938964844,473.7000122070313,1951999,Automobile and Auto Components
2024-09-27,497.2999877929688,500.3999938964844,470.0499877929688,470.0499877929688,13697783,Automobile and Auto Components
2024-09-30,502.5499877929688,505.2999877929688,488.5499877929688,498.0,5320402,Automobile and Auto Components
2024-10-01,511.5499877929688,515.6500244140625,504.25,507.5,6585977,Automobile and Auto Components
2024-10-03,496.3500061035156,514.0,493.5499877929688,507.9500122070313,4650497,Automobile and Auto Components
2024-10-04,502.3999938964844,511.0,493.2999877929688,494.0499877929688,8028600,Automobile and Auto Components
2024-10-07,480.5,508.5499877929688,473.8500061035156,505.0,6679123,Automobile and Auto Components
2024-10-08,493.7999877929688,497.0,478.1000061035156,480.5,2894554,Automobile and Auto Components
2024-10-09,519.3499755859375,523.5,494.1499938964844,498.2999877929688,13196334,Automobile and Auto Components
2024-10-10,512.1500244140625,528.3499755859375,503.6000061035156,527.0,8550164,Automobile and Auto Components
2024-10-11,530.5,532.9000244140625,510.1000061035156,516.2000122070312,13286140,Automobile and Auto Components
2024-10-14,530.3499755859375,534.4000244140625,521.3499755859375,533.2000122070312,6259104,Automobile and Auto Components
2024-10-15,522.1500244140625,533.0,519.2000122070312,531.0,3289596,Automobile and Auto Components
2024-10-16,512.2999877929688,522.9500122070312,508.4500122070313,522.25,4766987,Automobile and Auto Components
2024-10-17,496.5,515.7000122070312,495.1000061035156,515.0,3821118,Automobile and Auto Components
2024-10-18,495.7999877929688,500.5,486.0,495.0499877929688,2540669,Automobile and Auto Components
2024-10-21,486.8500061035156,498.6499938964844,485.1000061035156,495.6499938964844,2242367,Automobile and Auto Components
2024-10-22,460.8500061035156,488.8999938964844,459.2000122070313,486.0,4276290,Automobile and Auto Components
2024-10-23,469.6499938964844,477.3500061035156,459.0499877929688,460.8500061035156,3073729,Automobile and Auto Components
2024-10-24,466.8999938964844,473.0,464.25,471.3999938964844,1698007,Automobile and Auto Components
2024-10-25,449.8999938964844,468.7999877929688,444.6499938964844,468.0,4267695,Automobile and Auto Components
2024-10-28,464.0499877929688,468.6499938964844,446.6499938964844,450.0,2920122,Automobile and Auto Components
2024-10-29,467.0499877929688,469.6499938964844,454.1499938964844,467.0,3441203,Automobile and Auto Components
2024-10-30,465.25,474.9500122070313,461.2999877929688,468.3999938964844,3298510,Automobile and Auto Components
2024-10-31,455.4500122070313,466.0,451.5,465.0,5127992,Automobile and Auto Components
2024-11-01,458.9500122070313,463.4500122070313,456.0,458.8500061035156,1196012,Automobile and Auto Components
2024-11-04,445.0499877929688,459.7999877929688,437.7999877929688,459.7999877929688,7818268,Automobile and Auto Components
2024-11-05,443.5499877929688,449.6499938964844,433.0,446.0,7614294,Automobile and Auto Components
2024-11-06,452.2000122070313,453.75,443.5499877929688,449.0,2832331,Automobile and Auto Components
2024-11-07,447.7999877929688,456.7999877929688,446.7999877929688,455.0,2269020,Automobile and Auto Components
2024-11-08,437.0499877929688,452.2000122070313,435.1499938964844,447.7999877929688,2682928,Automobile and Auto Components
2024-11-11,436.6000061035156,442.0,430.8999938964844,434.75,2426881,Automobile and Auto Components
2024-11-12,431.7999877929688,447.3500061035156,430.3500061035156,438.5,5228338,Automobile and Auto Components
2024-11-13,418.4500122070313,434.6000061035156,416.6499938964844,431.5,4828918,Automobile and Auto Components
2024-11-14,418.1000061035156,422.6000061035156,412.3500061035156,418.4500122070313,3972370,Automobile and Auto Components
2024-11-18,414.5,421.0,412.6000061035156,418.1000061035156,1871986,Automobile and Auto Components
2024-11-19,421.5,430.7999877929688,415.0,415.4500122070313,3696768,Automobile and Auto Components
2024-11-21,415.3500061035156,420.9500122070313,411.0,420.9500122070313,1747026,Automobile and Auto Components
2024-11-22,424.0499877929688,424.8999938964844,414.0,415.5,1589484,Automobile and Auto Components
2024-11-25,428.3500061035156,436.7000122070313,427.4500122070313,430.0,5488033,Automobile and Auto Components
2024-11-26,425.7999877929688,434.75,425.1000061035156,430.0,1625792,Automobile and Auto Components
2024-11-27,445.0499877929688,446.6000061035156,425.6499938964844,426.0,6039469,Automobile and Auto Components
2024-11-28,457.0499877929688,459.8999938964844,442.0,445.0499877929688,7004165,Automobile and Auto Components
2024-11-29,452.6000061035156,459.5499877929688,446.5,457.0,5273196,Automobile and Auto Components
2024-12-02,451.25,456.7999877929688,448.1000061035156,456.7000122070313,2161344,Automobile and Auto Components
2024-12-03,455.5499877929688,459.8999938964844,452.0,453.75,2754066,Automobile and Auto Components
2024-12-04,454.7000122070313,462.9500122070313,451.0,455.6499938964844,4095553,Automobile and Auto Components
2024-12-05,453.4500122070313,456.7999877929688,448.6499938964844,456.7999877929688,1726437,Automobile and Auto Components
2024-12-06,462.7000122070313,465.7999877929688,452.3999938964844,454.0,3512144,Automobile and Auto Components
2024-12-09,467.0,471.5,463.0,463.0,3747554,Automobile and Auto Components
2024-12-10,464.7000122070313,469.5,462.7999877929688,465.0,1423213,Automobile and Auto Components
2024-12-11,468.1000061035156,472.0499877929688,464.0,467.5499877929688,2359385,Automobile and Auto Components
2024-12-12,461.5,472.5,460.1000061035156,468.6499938964844,3902664,Automobile and Auto Components
2024-12-13,455.1499938964844,459.7999877929688,446.0499877929688,459.7999877929688,2211478,Automobile and Auto Components
2024-12-16,459.5499877929688,463.2999877929688,451.7999877929688,455.1499938964844,1766213,Automobile and Auto Components
2024-12-17,451.1000061035156,466.7999877929688,448.1499938964844,460.1000061035156,2124119,Automobile and Auto Components
2024-12-18,444.7000122070313,456.0,443.3500061035156,452.0,2477054,Automobile and Auto Components
2024-12-19,439.7000122070313,443.5499877929688,433.3999938964844,436.0,1395312,Automobile and Auto Components
2024-12-20,426.2999877929688,456.5499877929688,414.6000061035156,450.0,10343994,Automobile and Auto Components
2024-12-23,416.75,429.0,414.6499938964844,426.2999877929688,3123990,Automobile and Auto Components
2024-12-24,418.1499938964844,421.0,411.2999877929688,416.0,1919519,Automobile and Auto Components
2024-12-26,418.2999877929688,422.7000122070313,414.5,418.8999938964844,1739728,Automobile and Auto Components
2024-12-27,418.3999938964844,425.8500061035156,417.3999938964844,419.0,1175503,Automobile and Auto Components
2024-12-30,411.25,419.0,409.6499938964844,418.3999938964844,1999044,Automobile and Auto Components
2024-12-31,416.5499877929688,418.3999938964844,408.5,410.0,1139909,Automobile and Auto Components
2025-01-01,421.3500061035156,422.5,415.1499938964844,421.0,2319841,Automobile and Auto Components
2025-01-02,429.0,430.0,418.2999877929688,423.1000061035156,2458894,Automobile and Auto Components
2025-01-03,424.75,431.6000061035156,423.5,431.6000061035156,1786961,Automobile and Auto Components
2025-01-06,408.9500122070313,426.5,406.6499938964844,425.0499877929688,3033673,Automobile and Auto Components
2025-01-07,409.0499877929688,415.2999877929688,404.1499938964844,409.3999938964844,2815071,Automobile and Auto Components
2025-01-08,405.4500122070313,410.0499877929688,402.0,409.7999877929688,1310142,Automobile and Auto Components
2025-01-09,397.4500122070313,406.7999877929688,396.4500122070313,404.7999877929688,1898879,Automobile and Auto Components
